[1,0,0,[["cc.Skeleton",["_name","_hash","_joints","_bindposes"],0,12]],[[0,0,1,2,3,4]],[[0,"Skin-1",3032259267,["Hand2:Group/Hand2:Main/Hand2:DeformationSystem/Hand2:Root_M/Hand2:Spine1_M/Hand2:Shoulder_R/Hand2:Elbow_R","Hand2:Group/Hand2:Main/Hand2:DeformationSystem/Hand2:Root_M/Hand2:Spine1_M/Hand2:Shoulder_R/Hand2:Elbow_R/Hand2:Wrist_R","Hand2:Group/Hand2:Main/Hand2:DeformationSystem/Hand2:Root_M/Hand2:Spine1_M/Hand2:Shoulder_R/Hand2:Elbow_R/Hand2:Wrist_R/Hand2:MiddleFinger1_R","Hand2:Group/Hand2:Main/Hand2:DeformationSystem/Hand2:Root_M/Hand2:Spine1_M/Hand2:Shoulder_R/Hand2:Elbow_R/Hand2:Wrist_R/Hand2:MiddleFinger1_R/Hand2:MiddleFinger2_R","Hand2:Group/Hand2:Main/Hand2:DeformationSystem/Hand2:Root_M/Hand2:Spine1_M/Hand2:Shoulder_R/Hand2:Elbow_R/Hand2:Wrist_R/Hand2:MiddleFinger1_R/Hand2:MiddleFinger2_R/Hand2:MiddleFinger3_R","Hand2:Group/Hand2:Main/Hand2:DeformationSystem/Hand2:Root_M/Hand2:Spine1_M/Hand2:Shoulder_R/Hand2:Elbow_R/Hand2:Wrist_R/Hand2:MiddleFinger1_R/Hand2:MiddleFinger2_R/Hand2:MiddleFinger3_R/Hand2:MiddleFinger4_R","Hand2:Group/Hand2:Main/Hand2:DeformationSystem/Hand2:Root_M/Hand2:Spine1_M/Hand2:Shoulder_R/Hand2:Elbow_R/Hand2:Wrist_R/Hand2:ThumbFinger1_R","Hand2:Group/Hand2:Main/Hand2:DeformationSystem/Hand2:Root_M/Hand2:Spine1_M/Hand2:Shoulder_R/Hand2:Elbow_R/Hand2:Wrist_R/Hand2:ThumbFinger1_R/Hand2:ThumbFinger2_R","Hand2:Group/Hand2:Main/Hand2:DeformationSystem/Hand2:Root_M/Hand2:Spine1_M/Hand2:Shoulder_R/Hand2:Elbow_R/Hand2:Wrist_R/Hand2:ThumbFinger1_R/Hand2:ThumbFinger2_R/Hand2:ThumbFinger3_R","Hand2:Group/Hand2:Main/Hand2:DeformationSystem/Hand2:Root_M/Hand2:Spine1_M/Hand2:Shoulder_R/Hand2:Elbow_R/Hand2:Wrist_R/Hand2:ThumbFinger1_R/Hand2:ThumbFinger2_R/Hand2:ThumbFinger3_R/Hand2:ThumbFinger4_R","Hand2:Group/Hand2:Main/Hand2:DeformationSystem/Hand2:Root_M/Hand2:Spine1_M/Hand2:Shoulder_R/Hand2:Elbow_R/Hand2:Wrist_R/Hand2:IndexFinger1_R","Hand2:Group/Hand2:Main/Hand2:DeformationSystem/Hand2:Root_M/Hand2:Spine1_M/Hand2:Shoulder_R/Hand2:Elbow_R/Hand2:Wrist_R/Hand2:IndexFinger1_R/Hand2:IndexFinger2_R","Hand2:Group/Hand2:Main/Hand2:DeformationSystem/Hand2:Root_M/Hand2:Spine1_M/Hand2:Shoulder_R/Hand2:Elbow_R/Hand2:Wrist_R/Hand2:IndexFinger1_R/Hand2:IndexFinger2_R/Hand2:IndexFinger3_R","Hand2:Group/Hand2:Main/Hand2:DeformationSystem/Hand2:Root_M/Hand2:Spine1_M/Hand2:Shoulder_R/Hand2:Elbow_R/Hand2:Wrist_R/Hand2:IndexFinger1_R/Hand2:IndexFinger2_R/Hand2:IndexFinger3_R/Hand2:IndexFinger4_R","Hand2:Group/Hand2:Main/Hand2:DeformationSystem/Hand2:Root_M/Hand2:Spine1_M/Hand2:Shoulder_R/Hand2:Elbow_R/Hand2:Wrist_R/Hand2:Cup_R","Hand2:Group/Hand2:Main/Hand2:DeformationSystem/Hand2:Root_M/Hand2:Spine1_M/Hand2:Shoulder_R/Hand2:Elbow_R/Hand2:Wrist_R/Hand2:Cup_R/Hand2:PinkyFinger1_R","Hand2:Group/Hand2:Main/Hand2:DeformationSystem/Hand2:Root_M/Hand2:Spine1_M/Hand2:Shoulder_R/Hand2:Elbow_R/Hand2:Wrist_R/Hand2:Cup_R/Hand2:PinkyFinger1_R/Hand2:PinkyFinger2_R","Hand2:Group/Hand2:Main/Hand2:DeformationSystem/Hand2:Root_M/Hand2:Spine1_M/Hand2:Shoulder_R/Hand2:Elbow_R/Hand2:Wrist_R/Hand2:Cup_R/Hand2:PinkyFinger1_R/Hand2:PinkyFinger2_R/Hand2:PinkyFinger3_R","Hand2:Group/Hand2:Main/Hand2:DeformationSystem/Hand2:Root_M/Hand2:Spine1_M/Hand2:Shoulder_R/Hand2:Elbow_R/Hand2:Wrist_R/Hand2:Cup_R/Hand2:PinkyFinger1_R/Hand2:PinkyFinger2_R/Hand2:PinkyFinger3_R/Hand2:PinkyFinger4_R","Hand2:Group/Hand2:Main/Hand2:DeformationSystem/Hand2:Root_M/Hand2:Spine1_M/Hand2:Shoulder_R/Hand2:Elbow_R/Hand2:Wrist_R/Hand2:Cup_R/Hand2:RingFinger1_R","Hand2:Group/Hand2:Main/Hand2:DeformationSystem/Hand2:Root_M/Hand2:Spine1_M/Hand2:Shoulder_R/Hand2:Elbow_R/Hand2:Wrist_R/Hand2:Cup_R/Hand2:RingFinger1_R/Hand2:RingFinger2_R","Hand2:Group/Hand2:Main/Hand2:DeformationSystem/Hand2:Root_M/Hand2:Spine1_M/Hand2:Shoulder_R/Hand2:Elbow_R/Hand2:Wrist_R/Hand2:Cup_R/Hand2:RingFinger1_R/Hand2:RingFinger2_R/Hand2:RingFinger3_R","Hand2:Group/Hand2:Main/Hand2:DeformationSystem/Hand2:Root_M/Hand2:Spine1_M/Hand2:Shoulder_R/Hand2:Elbow_R/Hand2:Wrist_R/Hand2:Cup_R/Hand2:RingFinger1_R/Hand2:RingFinger2_R/Hand2:RingFinger3_R/Hand2:RingFinger4_R","Hand2:Group/Hand2:Main/Hand2:DeformationSystem/Hand2:Root_M/Hand2:Spine1_M/Hand2:Shoulder_L/Hand2:Elbow_L","Hand2:Group/Hand2:Main/Hand2:DeformationSystem/Hand2:Root_M/Hand2:Spine1_M/Hand2:Shoulder_L/Hand2:Elbow_L/Hand2:Wrist_L","Hand2:Group/Hand2:Main/Hand2:DeformationSystem/Hand2:Root_M/Hand2:Spine1_M/Hand2:Shoulder_L/Hand2:Elbow_L/Hand2:Wrist_L/Hand2:MiddleFinger1_L","Hand2:Group/Hand2:Main/Hand2:DeformationSystem/Hand2:Root_M/Hand2:Spine1_M/Hand2:Shoulder_L/Hand2:Elbow_L/Hand2:Wrist_L/Hand2:MiddleFinger1_L/Hand2:MiddleFinger2_L","Hand2:Group/Hand2:Main/Hand2:DeformationSystem/Hand2:Root_M/Hand2:Spine1_M/Hand2:Shoulder_L/Hand2:Elbow_L/Hand2:Wrist_L/Hand2:MiddleFinger1_L/Hand2:MiddleFinger2_L/Hand2:MiddleFinger3_L","Hand2:Group/Hand2:Main/Hand2:DeformationSystem/Hand2:Root_M/Hand2:Spine1_M/Hand2:Shoulder_L/Hand2:Elbow_L/Hand2:Wrist_L/Hand2:MiddleFinger1_L/Hand2:MiddleFinger2_L/Hand2:MiddleFinger3_L/Hand2:MiddleFinger4_L","Hand2:Group/Hand2:Main/Hand2:DeformationSystem/Hand2:Root_M/Hand2:Spine1_M/Hand2:Shoulder_L/Hand2:Elbow_L/Hand2:Wrist_L/Hand2:ThumbFinger1_L","Hand2:Group/Hand2:Main/Hand2:DeformationSystem/Hand2:Root_M/Hand2:Spine1_M/Hand2:Shoulder_L/Hand2:Elbow_L/Hand2:Wrist_L/Hand2:ThumbFinger1_L/Hand2:ThumbFinger2_L","Hand2:Group/Hand2:Main/Hand2:DeformationSystem/Hand2:Root_M/Hand2:Spine1_M/Hand2:Shoulder_L/Hand2:Elbow_L/Hand2:Wrist_L/Hand2:ThumbFinger1_L/Hand2:ThumbFinger2_L/Hand2:ThumbFinger3_L","Hand2:Group/Hand2:Main/Hand2:DeformationSystem/Hand2:Root_M/Hand2:Spine1_M/Hand2:Shoulder_L/Hand2:Elbow_L/Hand2:Wrist_L/Hand2:ThumbFinger1_L/Hand2:ThumbFinger2_L/Hand2:ThumbFinger3_L/Hand2:ThumbFinger4_L","Hand2:Group/Hand2:Main/Hand2:DeformationSystem/Hand2:Root_M/Hand2:Spine1_M/Hand2:Shoulder_L/Hand2:Elbow_L/Hand2:Wrist_L/Hand2:IndexFinger1_L","Hand2:Group/Hand2:Main/Hand2:DeformationSystem/Hand2:Root_M/Hand2:Spine1_M/Hand2:Shoulder_L/Hand2:Elbow_L/Hand2:Wrist_L/Hand2:IndexFinger1_L/Hand2:IndexFinger2_L","Hand2:Group/Hand2:Main/Hand2:DeformationSystem/Hand2:Root_M/Hand2:Spine1_M/Hand2:Shoulder_L/Hand2:Elbow_L/Hand2:Wrist_L/Hand2:IndexFinger1_L/Hand2:IndexFinger2_L/Hand2:IndexFinger3_L","Hand2:Group/Hand2:Main/Hand2:DeformationSystem/Hand2:Root_M/Hand2:Spine1_M/Hand2:Shoulder_L/Hand2:Elbow_L/Hand2:Wrist_L/Hand2:IndexFinger1_L/Hand2:IndexFinger2_L/Hand2:IndexFinger3_L/Hand2:IndexFinger4_L","Hand2:Group/Hand2:Main/Hand2:DeformationSystem/Hand2:Root_M/Hand2:Spine1_M/Hand2:Shoulder_L/Hand2:Elbow_L/Hand2:Wrist_L/Hand2:Cup_L","Hand2:Group/Hand2:Main/Hand2:DeformationSystem/Hand2:Root_M/Hand2:Spine1_M/Hand2:Shoulder_L/Hand2:Elbow_L/Hand2:Wrist_L/Hand2:Cup_L/Hand2:PinkyFinger1_L","Hand2:Group/Hand2:Main/Hand2:DeformationSystem/Hand2:Root_M/Hand2:Spine1_M/Hand2:Shoulder_L/Hand2:Elbow_L/Hand2:Wrist_L/Hand2:Cup_L/Hand2:PinkyFinger1_L/Hand2:PinkyFinger2_L","Hand2:Group/Hand2:Main/Hand2:DeformationSystem/Hand2:Root_M/Hand2:Spine1_M/Hand2:Shoulder_L/Hand2:Elbow_L/Hand2:Wrist_L/Hand2:Cup_L/Hand2:PinkyFinger1_L/Hand2:PinkyFinger2_L/Hand2:PinkyFinger3_L","Hand2:Group/Hand2:Main/Hand2:DeformationSystem/Hand2:Root_M/Hand2:Spine1_M/Hand2:Shoulder_L/Hand2:Elbow_L/Hand2:Wrist_L/Hand2:Cup_L/Hand2:PinkyFinger1_L/Hand2:PinkyFinger2_L/Hand2:PinkyFinger3_L/Hand2:PinkyFinger4_L","Hand2:Group/Hand2:Main/Hand2:DeformationSystem/Hand2:Root_M/Hand2:Spine1_M/Hand2:Shoulder_L/Hand2:Elbow_L/Hand2:Wrist_L/Hand2:Cup_L/Hand2:RingFinger1_L","Hand2:Group/Hand2:Main/Hand2:DeformationSystem/Hand2:Root_M/Hand2:Spine1_M/Hand2:Shoulder_L/Hand2:Elbow_L/Hand2:Wrist_L/Hand2:Cup_L/Hand2:RingFinger1_L/Hand2:RingFinger2_L","Hand2:Group/Hand2:Main/Hand2:DeformationSystem/Hand2:Root_M/Hand2:Spine1_M/Hand2:Shoulder_L/Hand2:Elbow_L/Hand2:Wrist_L/Hand2:Cup_L/Hand2:RingFinger1_L/Hand2:RingFinger2_L/Hand2:RingFinger3_L","Hand2:Group/Hand2:Main/Hand2:DeformationSystem/Hand2:Root_M/Hand2:Spine1_M/Hand2:Shoulder_L/Hand2:Elbow_L/Hand2:Wrist_L/Hand2:Cup_L/Hand2:RingFinger1_L/Hand2:RingFinger2_L/Hand2:RingFinger3_L/Hand2:RingFinger4_L"],[[[7,-0.9999683499336243,0.00795941986143589,0.000003123694341411465,0,0.0000035887530884792795,0.000058414425438968465,1,0,0.00795941986143589,0.9999683499336243,-0.00005844113911734894,0,-0.06498260051012039,0.003363934811204672,-0.13706789910793304,1],[7,-0.993253231048584,0.11056365817785263,-0.03498061001300812,0,-0.034753236919641495,0.003983550705015659,0.9993879795074463,0,0.11063533276319504,0.9938610792160034,-0.00011422988609410822,0,-0.23912622034549713,0.02802756242454052,-0.1455797404050827,1],[7,-0.974562406539917,0.11973995715379715,-0.18944762647151947,0,-0.1878264844417572,0.024786848574876785,0.9818894267082214,0,0.1222672089934349,0.9924958348274231,-0.001665996154770255,0,-0.3308181166648865,0.028614450246095657,-0.19940024614334106,1],[7,-0.9613096714019775,0.11766156554222107,-0.2490772008895874,0,-0.24683237075805664,0.03351598605513573,0.9684784412384033,0,0.12230075150728226,0.9924880266189575,-0.0031765601597726345,0,-0.3484129011631012,0.02668667398393154,-0.22111359238624573,1],[7,-0.9670922160148621,0.11843366920948029,-0.2251802384853363,0,-0.22304286062717438,0.031176481395959854,0.9743099808692932,0,0.12241142988204956,0.9924724102020264,-0.003734748112037778,0,-0.3798547685146332,0.027292525395751,-0.21181192994117737,1],[7,-0.9670922160148621,0.11843366920948029,-0.2251802384853363,0,-0.22304286062717438,0.031176481395959854,0.9743099808692932,0,0.12241142988204956,0.9924724102020264,-0.003734748112037778,0,-0.40791329741477966,0.027292525395751,-0.21181192994117737,1],[7,-0.674959123134613,0.5927607417106628,0.43939152359962463,0,-0.24914708733558655,-0.7436152696609497,0.6204531192779541,0,0.6945184469223022,0.30930736660957336,0.6495945453643799,0,-0.17111340165138245,0.24527648091316223,0.0239059217274189,1],[7,-0.6841135025024414,0.6125317215919495,0.3959716856479645,0,-0.3082299530506134,-0.7348218560218811,0.6041780710220337,0,0.6610468626022339,0.2912760376930237,0.6915022134780884,0,-0.1965561956167221,0.25091758370399475,0.011048032902181149,1],[7,-0.7224241495132446,0.6510322690010071,0.23293860256671906,0,-0.4675470292568207,-0.7081307172775269,0.5291036367416382,0,0.5094144940376282,0.273327499628067,0.8159589171409607,0,-0.21782279014587402,0.26166030764579773,-0.04202614352107048,1],[7,-0.7224241495132446,0.6510322690010071,0.23293860256671906,0,-0.4675470292568207,-0.7081307172775269,0.5291036367416382,0,0.5094144940376282,0.273327499628067,0.8159589171409607,0,-0.257927268743515,0.26166030764579773,-0.04202614352107048,1],[7,-0.9697386622428894,0.2372635155916214,-0.05755804479122162,0,-0.05588178336620331,0.013790138065814972,0.9983421564102173,0,0.2376638948917389,0.971347451210022,-0.00011412265303079039,0,-0.3452395498752594,0.04528823122382164,-0.15130515396595,1],[7,-0.9771925806999207,0.1769678145647049,-0.11737588793039322,0,-0.11852313578128815,0.004111543297767639,0.992942750453949,0,0.17620150744915009,0.9842080473899841,0.016957011073827744,0,-0.3677414655685425,0.02281355857849121,-0.17434099316596985,1],[7,-0.9353218078613281,0.24601542949676514,-0.25426262617111206,0,-0.2672733962535858,-0.020441938191652298,0.9634038805961609,0,0.23181460797786713,0.9690503478050232,0.08487316966056824,0,-0.36052682995796204,0.0549265593290329,-0.2300102412700653,1],[7,-0.9353218078613281,0.24601542949676514,-0.25426262617111206,0,-0.2672733962535858,-0.020441938191652298,0.9634038805961609,0,0.23181460797786713,0.9690503478050232,0.08487316966056824,0,-0.38771042227745056,0.0549265593290329,-0.2300102412700653,1],[7,-0.953838586807251,0.2920646369457245,-0.06993003934621811,0,-0.06797495484352112,0.01684972457587719,0.9975447058677673,0,0.29252585768699646,0.9562501311302185,0.0037811631336808205,0,-0.2663581371307373,0.10379330813884735,-0.15584619343280792,1],[7,-0.9748862981796265,0.04419771581888199,-0.2182733118534088,0,-0.21694119274616241,0.033034056425094604,0.9756255745887756,0,0.05033087357878685,0.998476505279541,-0.02261614426970482,0,-0.3119277060031891,0.04500679299235344,-0.198916494846344,1],[7,-0.960253119468689,0.04124286770820618,-0.2760670483112335,0,-0.2732265293598175,0.06346368044614792,0.9598539471626282,0,0.057107359170913696,0.9971315860748291,-0.04967254772782326,0,-0.3167591691017151,0.04019298404455185,-0.21906478703022003,1],[7,-0.9416103363037109,0.018122760578989983,-0.3362164795398712,0,-0.3314683735370636,0.12552425265312195,0.9350787997245789,0,0.05914952978491783,0.9919250011444092,-0.11218781024217606,0,-0.3252688944339752,0.023921508342027664,-0.2415223866701126,1],[7,-0.9416103363037109,0.018122760578989983,-0.3362164795398712,0,-0.3314683735370636,0.12552425265312195,0.9350787997245789,0,0.05914952978491783,0.9919250011444092,-0.11218781024217606,0,-0.3426826000213623,0.023921508342027664,-0.2415223866701126,1],[7,-0.9742600321769714,0.057211410254240036,-0.21804653108119965,0,-0.2161678522825241,0.037269316613674164,0.9756446480751038,0,0.06394445151090622,0.9976661801338196,-0.02394273690879345,0,-0.3280981183052063,0.026708174496889114,-0.20528855919837952,1],[7,-0.9363305568695068,0.049314945936203,-0.34763941168785095,0,-0.3448612093925476,0.056940022855997086,0.9369250535964966,0,0.06599900871515274,0.9971588850021362,-0.036307867616415024,0,-0.31507477164268494,0.02122819609940052,-0.250222384929657,1],[7,-0.9517592191696167,0.05038963630795479,-0.30268019437789917,0,-0.29977697134017944,0.05781828984618187,0.9522556662559509,0,0.06548426300287247,0.9970546364784241,-0.03992343693971634,0,-0.3564610481262207,0.021568791940808296,-0.23352143168449402,1],[7,-0.9517592191696167,0.05038963630795479,-0.30268019437789917,0,-0.29977697134017944,0.05781828984618187,0.9522556662559509,0,0.06548426300287247,0.9970546364784241,-0.03992343693971634,0,-0.3814774751663208,0.021568791940808296,-0.23352143168449402,1],[7,-0.9999683499336243,0.00795941986143589,0.000003123694341411465,0,-0.0000035887530884792795,-0.000058414425438968465,-1,0,-0.00795941986143589,-0.9999683499336243,0.00005844113911734894,0,0.06498260051012039,-0.003363934811204672,0.13706789910793304,1],[7,-0.993253231048584,0.11056365817785263,-0.03498061001300812,0,0.034753236919641495,-0.003983550705015659,-0.9993879795074463,0,-0.11063533276319504,-0.9938610792160034,0.00011422988609410822,0,0.23912622034549713,-0.02802756242454052,0.1455797404050827,1],[7,-0.974562406539917,0.11973995715379715,-0.18944762647151947,0,0.1878264844417572,-0.024786848574876785,-0.9818894267082214,0,-0.1222672089934349,-0.9924958348274231,0.001665996154770255,0,0.3308181166648865,-0.028614450246095657,0.19940024614334106,1],[7,-0.9613096714019775,0.11766156554222107,-0.2490772008895874,0,0.24683237075805664,-0.03351598605513573,-0.9684784412384033,0,-0.12230075150728226,-0.9924880266189575,0.0031765601597726345,0,0.3484129011631012,-0.02668667398393154,0.22111359238624573,1],[7,-0.9670922160148621,0.11843366920948029,-0.2251802384853363,0,0.22304286062717438,-0.031176481395959854,-0.9743099808692932,0,-0.12241142988204956,-0.9924724102020264,0.003734748112037778,0,0.3798547685146332,-0.027292525395751,0.21181192994117737,1],[7,-0.9670922160148621,0.11843366920948029,-0.2251802384853363,0,0.22304286062717438,-0.031176481395959854,-0.9743099808692932,0,-0.12241142988204956,-0.9924724102020264,0.003734748112037778,0,0.40791329741477966,-0.027292525395751,0.21181192994117737,1],[7,-0.674959123134613,0.5927607417106628,0.43939152359962463,0,0.24914708733558655,0.7436152696609497,-0.6204531192779541,0,-0.6945184469223022,-0.30930736660957336,-0.6495945453643799,0,0.17111340165138245,-0.24527648091316223,-0.0239059217274189,1],[7,-0.6841135025024414,0.6125317215919495,0.3959716856479645,0,0.3082299530506134,0.7348218560218811,-0.6041780710220337,0,-0.6610468626022339,-0.2912760376930237,-0.6915022134780884,0,0.1965561956167221,-0.25091758370399475,-0.011048032902181149,1],[7,-0.7224241495132446,0.6510322690010071,0.23293860256671906,0,0.4675470292568207,0.7081307172775269,-0.5291036367416382,0,-0.5094144940376282,-0.273327499628067,-0.8159589171409607,0,0.21782279014587402,-0.26166030764579773,0.04202614352107048,1],[7,-0.7224241495132446,0.6510322690010071,0.23293860256671906,0,0.4675470292568207,0.7081307172775269,-0.5291036367416382,0,-0.5094144940376282,-0.273327499628067,-0.8159589171409607,0,0.257927268743515,-0.26166030764579773,0.04202614352107048,1],[7,-0.9697386622428894,0.2372635155916214,-0.05755804479122162,0,0.05588178336620331,-0.013790138065814972,-0.9983421564102173,0,-0.2376638948917389,-0.971347451210022,0.00011412265303079039,0,0.3452395498752594,-0.04528823122382164,0.15130515396595,1],[7,-0.9771925806999207,0.1769678145647049,-0.11737588793039322,0,0.11852313578128815,-0.004111543297767639,-0.992942750453949,0,-0.17620150744915009,-0.9842080473899841,-0.016957011073827744,0,0.3677414655685425,-0.02281355857849121,0.17434099316596985,1],[7,-0.9353218078613281,0.24601542949676514,-0.25426262617111206,0,0.2672733962535858,0.020441938191652298,-0.9634038805961609,0,-0.23181460797786713,-0.9690503478050232,-0.08487316966056824,0,0.36052682995796204,-0.0549265593290329,0.2300102412700653,1],[7,-0.9353218078613281,0.24601542949676514,-0.25426262617111206,0,0.2672733962535858,0.020441938191652298,-0.9634038805961609,0,-0.23181460797786713,-0.9690503478050232,-0.08487316966056824,0,0.38771042227745056,-0.0549265593290329,0.2300102412700653,1],[7,-0.953838586807251,0.2920646369457245,-0.06993003934621811,0,0.06797495484352112,-0.01684972457587719,-0.9975447058677673,0,-0.29252585768699646,-0.9562501311302185,-0.0037811631336808205,0,0.2663581371307373,-0.10379330813884735,0.15584619343280792,1],[7,-0.9748862981796265,0.04419771581888199,-0.2182733118534088,0,0.21694119274616241,-0.033034056425094604,-0.9756255745887756,0,-0.05033087357878685,-0.998476505279541,0.02261614426970482,0,0.3119277060031891,-0.04500679299235344,0.198916494846344,1],[7,-0.960253119468689,0.04124286770820618,-0.2760670483112335,0,0.2732265293598175,-0.06346368044614792,-0.9598539471626282,0,-0.057107359170913696,-0.9971315860748291,0.04967254772782326,0,0.3167591691017151,-0.04019298404455185,0.21906478703022003,1],[7,-0.9416103363037109,0.018122760578989983,-0.3362164795398712,0,0.3314683735370636,-0.12552425265312195,-0.9350787997245789,0,-0.05914952978491783,-0.9919250011444092,0.11218781024217606,0,0.3252688944339752,-0.023921508342027664,0.2415223866701126,1],[7,-0.9416103363037109,0.018122760578989983,-0.3362164795398712,0,0.3314683735370636,-0.12552425265312195,-0.9350787997245789,0,-0.05914952978491783,-0.9919250011444092,0.11218781024217606,0,0.3426826000213623,-0.023921508342027664,0.2415223866701126,1],[7,-0.9742600321769714,0.057211410254240036,-0.21804653108119965,0,0.2161678522825241,-0.037269316613674164,-0.9756446480751038,0,-0.06394445151090622,-0.9976661801338196,0.02394273690879345,0,0.3280981183052063,-0.026708174496889114,0.20528855919837952,1],[7,-0.9363305568695068,0.049314945936203,-0.34763941168785095,0,0.3448612093925476,-0.056940022855997086,-0.9369250535964966,0,-0.06599900871515274,-0.9971588850021362,0.036307867616415024,0,0.31507477164268494,-0.02122819609940052,0.250222384929657,1],[7,-0.9517592191696167,0.05038963630795479,-0.30268019437789917,0,0.29977697134017944,-0.05781828984618187,-0.9522556662559509,0,-0.06548426300287247,-0.9970546364784241,0.03992343693971634,0,0.3564610481262207,-0.021568791940808296,0.23352143168449402,1],[7,-0.9517592191696167,0.05038963630795479,-0.30268019437789917,0,0.29977697134017944,-0.05781828984618187,-0.9522556662559509,0,-0.06548426300287247,-0.9970546364784241,0.03992343693971634,0,0.3814774751663208,-0.021568791940808296,0.23352143168449402,1]],8,8,8,8,8,8,8,8,8,8,8,8,8,8,8,8,8,8,8,8,8,8,8,8,8,8,8,8,8,8,8,8,8,8,8,8,8,8,8,8,8,8,8,8,8,8]]],0,0,[],[],[]]
